Data for Plot 1, reconstruction error and iteration number:
(0, 12407.173227)(1, 10169.953317)(2, 9201.037764)(3, 8614.487425)(4, 8192.431455)(5, 7893.79813)(6, 7615.103991)(7, 7336.092979)(8, 7161.856514)(9, 7012.82314)(10, 6965.377112)(11, 6888.659981)(12, 6798.564731)(13, 6716.797145)(14, 6640.530783)(15, 6573.984068)(16, 6501.385371)(17, 6415.618374)(18, 6354.0225)(19, 6292.759054)(20, 6271.978942)(21, 6235.950884)(22, 6191.46759)(23, 6149.438702)(24, 6111.110384)(25, 6074.879528)(26, 6035.780952)(27, 5988.417034)(28, 5950.891419)(29, 5913.4733)(30, 5899.956379)(31, 5876.369735)(32, 5847.274688)(33, 5818.862343)(34, 5793.843939)(35, 5769.049235)(36, 5742.911491)(37, 5711.008101)(38, 5683.696946)(39, 5657.131741)(40, 5646.953105)(41, 5629.457691)(42, 5608.000538)(43, 5586.431329)(44, 5567.981961)(45, 5549.14099)(46, 5529.719254)(47, 5505.982033)(48, 5484.350355)(49, 5463.884544)(50, 5455.607409)(51, 5441.730342)(52, 5424.811277)(53, 5407.375709)(54, 5392.782282)(55, 5377.571283)(56, 5362.195735)(57, 5343.446253)(58, 5325.460104)(59, 5308.858683)(60, 5301.806781)(61, 5290.317019)(62, 5276.391315)(63, 5261.735238)(64, 5249.65903)(65, 5236.882786)(66, 5224.183666)(67, 5208.768489)(68, 5193.33617)(69, 5179.38364)(70, 5173.188861)(71, 5163.38385)(72, 5151.572634)(73, 5138.919619)(74, 5128.609589)(75, 5117.575076)(76, 5106.763894)(77, 5093.719602)(78, 5080.183503)(79, 5068.151197)(80, 5062.592267)(81, 5054.034456)(82, 5043.791278)(83, 5032.653229)(84, 5023.648502)(85, 5013.919665)(86, 5004.504405)(87, 4993.223745)(88, 4981.154922)(89, 4970.574213)(90, 4965.508312)(91, 4957.907481)(92, 4948.870231)(93, 4938.919539)(94, 4930.917747)(95, 4922.203454)(96, 4913.858465)(97, 4903.935544)(98, 4893.037432)(99, 4883.590391)

Data for Plot 2, Runtime and number of workers:
(2, 5.42231011391)(3, 4.9717259407)(4, 4.91237783432)(5, 4.86242818832)(6, 4.93640780449)(7, 5.02393078804)(8, 5.15270185471)(9, 5.12216186523)(10, 5.73456501961)

Data for Plot 3, reconstruction error and number of factors:
(10, 6288.762364)(20, 5959.416680)(30, 6932.285276)(40, 7964.720995)(50, 9119.105379)(60, 10428.262649)(70, 11833.876208)(80, 13486.383258)(90, 15055.547538)

Data for Plot 4, reconstruction error and beta:
(0.5, 4371.444943)(0.6, 5981.112554)(0.7, 7529.830490)(0.8, 9715.785404)(0.9, 12527.853093)
